spawns: 
  default: 
    world: PZRebornNew
    x: -567.0511511248883
    y: 32.0
    z: 221.27240553767837
    yaw: 208.10324
    pitch: 16.050043
