world: PZRebornNew
x: -1766.695557171405
y: 138.0
z: -1404.1045642884685
yaw: -243.9956
pitch: 11.249993
name: airpark
