world: PZRebornNew
x: 30.50101369337019
y: 47.0
z: -1319.4625007786713
yaw: 4.1044216
pitch: 89.85
name: Airsta
