world: PZRebornNew
x: 615.653796640271
y: 18.0
z: -145.48427544699572
yaw: -89.9068
pitch: 86.399994
name: Auditorium
