world: PZRebornNew
x: 1293.3644219256182
y: 2.0
z: -898.6261701090974
yaw: 272.2584
pitch: -7.049924
name: builddump
