world: PZRebornNew
x: -2119.7574698126627
y: 89.0
z: -1435.032450826756
yaw: 281.56158
pitch: 30.650478
name: camp1
