world: PZRebornNew
x: 305.5205973477994
y: 11.0
z: -238.54363047480425
yaw: -98.1018
pitch: 2.1000001
name: Centralsta
