world: PZRebornNew
x: -200.41483562800562
y: 4.0
z: -341.58491187281703
yaw: 4.209017
pitch: 84.29999
name: churchsta
