world: PZRebornNew
x: 262.3012863090273
y: 17.666594490052987
z: -67.19586164756092
yaw: 262.77344
pitch: 45.750572
name: city
