world: PZRebornNew
x: -2575.357570007675
y: 54.0
z: -650.2058760801496
yaw: -179.73123
pitch: 19.20001
name: dam
