world: PZRebornNew
x: -1245.2954896776482
y: 132.0
z: -1725.576848000418
yaw: -139.82077
pitch: 17.31937
name: deleteme2
