world: PZRebornNew
x: -3263.3628659736733
y: 253.6483177290637
z: -1619.2609252960247
yaw: 105.30664
pitch: 41.75506
name: destroy
