world: PZRebornNew
x: -99.45726460790546
y: 5.622373962334691
z: -71.35206529484289
yaw: 105.009026
pitch: 12.149911
name: Hospitalsta
