world: PZRebornNew
x: -2102.300000011921
y: 171.0
z: -1673.6096541569837
yaw: -97.50216
pitch: 33.538273
name: lab
