world: PZRebornNew
x: -58.520830838735414
y: 16.0
z: -271.77395165585665
yaw: 1.2537842
pitch: 1.6499853
name: Library
