world: PZRebornNew
x: -959.712213044871
y: 48.0
z: 155.62360696336782
yaw: 149.2204
pitch: 9.499185
name: mikespawn119
