world: PZRebornNew
x: -2116.322553660635
y: 44.0
z: -116.9480973950412
yaw: -128.31262
pitch: 15.564451
name: mikespawn36
