world: PZRebornNew
x: -1811.3670209939073
y: 144.0
z: -1367.582545955354
yaw: 69.59323
pitch: 11.760047
name: mikespawn75
