world: PZRebornNew
x: -293.30730500902195
y: 65.0
z: -1313.7866850078099
yaw: 134.03448
pitch: 7.854512
name: mikespawn97
