world: PZRebornNew
x: -177.90306670977552
y: 67.0
z: -1431.151020617307
yaw: 314.91193
pitch: 34.585205
name: mikespawn100
