world: PZRebornNew
x: -3330.0191436206837
y: 126.0
z: -1582.107314654538
yaw: 270.2301
pitch: 12.480216
name: mikespawn61
