world: PZRebornNew
x: -2132.1244522305724
y: 50.0
z: -126.08095625673913
yaw: -269.88165
pitch: 11.760412
name: mikespawn33
