world: PZRebornNew
x: -2200.078156562988
y: 42.0
z: -290.8438598909185
yaw: 261.53616
pitch: 5.283415
name: mikespawn24
