world: PZRebornNew
x: -3340.6438940779726
y: 161.0
z: -1626.112648674164
yaw: 321.53497
pitch: 10.732236
name: mikespawn63
