world: PZRebornNew
x: -2179.595152664674
y: 48.0
z: -274.9025371127842
yaw: 126.95657
pitch: 12.788634
name: mikespawn26
