world: PZRebornNew
x: -2111.636636887473
y: 41.0
z: -320.1416196797775
yaw: 106.19158
pitch: 14.742103
name: mikespawn15
