world: PZRebornNew
x: -3284.075850840794
y: 98.0
z: -1624.2911495432802
yaw: 76.6001
pitch: 14.639368
name: mikespawn55
