world: PZRebornNew
x: -2035.1157774939559
y: 42.0
z: -347.69999998807907
yaw: 269.24896
pitch: 20.807734
name: mikespawn9
