world: PZRebornNew
x: -2585.538222962594
y: 94.5
z: -710.4412912712112
yaw: 40.244385
pitch: 16.078669
name: mikespawn46
