world: PZRebornNew
x: -2042.1429033111965
y: 43.0
z: -380.04514072263385
yaw: 332.067
pitch: 24.920168
name: mikespawn10
