world: PZRebornNew
x: -2198.9093315205932
y: 42.0
z: -282.8956089837221
yaw: -188.87862
pitch: 13.508281
name: mikespawn22
