world: PZRebornNew
x: -3338.300556884046
y: 125.0
z: -1636.9625269609385
yaw: 180.61456
pitch: 15.873034
name: mikespawn58
