world: PZRebornNew
x: -2594.7856129612355
y: 63.0
z: -703.1132770798308
yaw: 21.052917
pitch: 5.0779915
name: mikespawn45
