world: PZRebornNew
x: -2164.579016497082
y: 48.0625
z: -287.44279703825435
yaw: 82.33672
pitch: 14.947666
name: mikespawn25
