world: PZRebornNew
x: -3302.1517366725684
y: 120.0
z: -1635.5828942039882
yaw: 328.78125
pitch: 15.050634
name: mikespawn53
