world: PZRebornNew
x: -646.5036804213416
y: 64.0
z: -1417.5311373070444
yaw: -215.43823
pitch: 37.977757
name: mikespawn91
