world: PZRebornNew
x: -1005.1106581264346
y: 52.0
z: 42.2449959987251
yaw: 16.635406
pitch: 20.911234
name: mikespawn126
