world: PZRebornNew
x: -3370.5933953511235
y: 125.0
z: -1643.304282335
yaw: 345.901
pitch: 20.705172
name: mikespawn59
