world: PZRebornNew
x: 58.396842137415284
y: 66.0
z: -1342.1812568134553
yaw: 88.36148
pitch: 24.715326
name: mikespawn108
