world: PZRebornNew
x: -2079.716331316017
y: 172.0
z: -1672.1430686345134
yaw: 267.90137
pitch: 9.087198
name: mikespawn65
