world: PZRebornNew
x: -2585.426280330691
y: 63.0
z: -703.3988202332129
yaw: 80.447876
pitch: 14.947456
name: mikespawn47
