world: PZRebornNew
x: -2138.409763199561
y: 44.0
z: -118.23430521088763
yaw: -154.5271
pitch: 19.882502
name: mikespawn34
