world: PZRebornNew
x: -3074.049297993271
y: 48.0
z: -183.19031910758608
yaw: -78.40727
pitch: 16.078978
name: mikespawn130
