world: PZRebornNew
x: -2110.5853569673377
y: 44.0
z: -132.55340516870947
yaw: -348.79755
pitch: 20.293758
name: mikespawn38
