world: PZRebornNew
x: -3267.3634867201013
y: 134.0
z: -1583.2576639042502
yaw: 166.5564
pitch: 15.2565365
name: mikespawn48
