world: PZRebornNew
x: -3295.6117696953006
y: 132.0
z: -1604.8174752181772
yaw: 9.168335
pitch: 21.63084
name: mikespawn49
