world: PZRebornNew
x: -1020.9603825136992
y: 35.0
z: 331.1807044823831
yaw: 7.3802795
pitch: 6.6204395
name: mikespawn129
