world: PZRebornNew
x: -2101.9174827943443
y: 172.0
z: -1668.1461202332405
yaw: 15.133057
pitch: 16.181154
name: mikespawn64
