world: PZRebornNew
x: 301.3780837592764
y: 23.0
z: -1409.8914941028315
yaw: -293.79282
pitch: 18.75237
name: mikespawn117
