world: PZRebornNew
x: 68.82849367324214
y: 66.0
z: -1335.5511543253983
yaw: 61.321594
pitch: 45.68884
name: mikespawn109
