world: PZRebornNew
x: -1046.1498047913988
y: 51.0
z: 167.25340654898474
yaw: 80.27692
pitch: 14.125628
name: mikespawn121
