world: PZRebornNew
x: -1783.3062105977701
y: 146.0625
z: -1353.6917317242762
yaw: 183.87466
pitch: 12.582529
name: mikespawn78
