world: PZRebornNew
x: -1968.0706205662789
y: 72.0
z: -570.4158381885502
yaw: 135.08183
pitch: 8.67634
name: mikespawn4
