world: PZRebornNew
x: -2061.2654827340407
y: 172.0
z: -1691.2679962500301
yaw: 251.10864
pitch: 8.367462
name: mikespawn69
