world: PZRebornNew
x: -2053.139199963239
y: 172.0
z: -1676.1791846292772
yaw: 354.85645
pitch: 16.283897
name: mikespawn70
