world: PZRebornNew
x: -2119.222438646498
y: 50.0
z: -118.8553960126984
yaw: -251.37665
pitch: 12.480151
name: mikespawn31
