world: PZRebornNew
x: -178.7434770219069
y: 63.0
z: -1403.9598303826788
yaw: 337.01624
pitch: 14.845465
name: mikespawn101
