world: PZRebornNew
x: -234.52966199425066
y: 66.0
z: -1307.1652008901638
yaw: 176.83658
pitch: 7.957427
name: mikespawn99
