world: PZRebornNew
x: -2119.0732805178054
y: 89.0
z: -1428.7319196924432
yaw: 9.453644
pitch: 16.386797
name: mikespawn72
