world: PZRebornNew
x: -732.9063646716463
y: 59.0
z: -1399.174115480719
yaw: -287.62573
pitch: 6.311765
name: mikespawn89
