world: PZRebornNew
x: -2215.762882833989
y: 48.0
z: -285.20005266626316
yaw: -23.913818
pitch: 20.499437
name: mikespawn29
