world: PZRebornNew
x: -702.7247443992904
y: 59.0
z: -1397.790104438917
yaw: -236.63354
pitch: 7.0313244
name: mikespawn88
