world: PZRebornNew
x: -2178.9538575738216
y: 44.0
z: -457.1139666548157
yaw: 6.466057
pitch: 9.395759
name: mikespawn13
