world: PZRebornNew
x: 2.2104379136291423
y: 46.0
z: -1309.4900500416838
yaw: 240.9209
pitch: 24.201105
name: mikespawn113
