world: PZRebornNew
x: -2187.760073711579
y: 40.0
z: -457.3139252916251
yaw: 294.2346
pitch: -1.8106532
name: mikespawn12
