world: PZRebornNew
x: -1952.438062587972
y: 78.0
z: -675.0646677880447
yaw: 50.410675
pitch: 8.265101
name: mikespawn3
