world: PZRebornNew
x: -2068.053837920194
y: 172.0
z: -1651.744133413349
yaw: 199.56921
pitch: 20.087944
name: mikespawn67
