world: PZRebornNew
x: 79.4798157577495
y: 66.0
z: -1343.431735287256
yaw: 349.4565
pitch: 17.929861
name: mikespawn108a
