world: PZRebornNew
x: -2586.994734205663
y: 63.0
z: -664.9159965155975
yaw: 191.20757
pitch: 12.891587
name: mikespawn41
