world: PZRebornNew
x: -1724.0951933908348
y: 146.0625
z: -1351.56249763012
yaw: 169.50488
pitch: 16.7977
name: mikespawn83
