world: PZRebornNew
x: -1045.8141729488061
y: 56.0
z: 171.76253675939265
yaw: 314.84656
pitch: 9.704762
name: mikespawn123
