world: PZRebornNew
x: -998.2608378557699
y: 72.0
z: -1456.1818024930953
yaw: 267.74872
pitch: 25.742197
name: mikespawn85
