world: PZRebornNew
x: -2034.2286521127346
y: 66.0
z: -556.2627455250725
yaw: 20.962362
pitch: 2.199073
name: mikespawn5
