world: PZRebornNew
x: -973.934171013657
y: 48.0
z: -1.2544226660432047
yaw: 170.44049
pitch: 12.069456
name: mikespawn127
