world: PZRebornNew
x: -2060.7448585708385
y: 172.0
z: -1636.2051658296552
yaw: 155.69885
pitch: 7.5449734
name: mikespawn68
