world: PZRebornNew
x: -997.9853778953142
y: 48.0
z: 46.532444050041306
yaw: 37.404053
pitch: 12.37792
name: mikespawn125
