world: PZRebornNew
x: -54.4404060063767
y: 65.0
z: -1361.8445814501592
yaw: -183.00212
pitch: 18.64955
name: mikespawn104
