world: PZRebornNew
x: -2175.340501483529
y: 40.0
z: -449.9673749480928
yaw: 164.53229
pitch: 12.171627
name: mikespawn11
