world: PZRebornNew
x: 58.70113234227195
y: 46.0
z: -1310.0253303759716
yaw: 66.24512
pitch: 35.201874
name: mikespawn112
