world: PZRebornNew
x: -3314.398328199183
y: 122.0
z: -1597.4955104626576
yaw: 179.80975
pitch: 9.910077
name: mikespawn52
