world: PZRebornNew
x: -8.075351685323723
y: 66.0
z: -1336.0239545348484
yaw: 60.557194
pitch: 36.538616
name: mikespawn106
