world: PZRebornNew
x: -38.45149332444306
y: 66.0
z: -1333.6719972546682
yaw: -73.30272
pitch: 9.910588
name: mikespawn105
