world: PZRebornNew
x: -2593.741283619798
y: 54.0
z: -679.2082964031885
yaw: -14.313855
pitch: -6.231265
name: mikespawn42
