world: PZRebornNew
x: -869.0172583275249
y: 124.0
z: -1181.9885737407835
yaw: -178.8612
pitch: 11.966309
name: mikespawn87
