world: PZRebornNew
x: -958.3754544949121
y: 43.0
z: 162.89911834940338
yaw: 186.68799
pitch: 11.144162
name: mikespawn118
