world: PZRebornNew
x: -312.39852084844773
y: 65.0
z: -1315.7519489147587
yaw: 358.015
pitch: 13.406298
name: mikespawn98
