world: PZRebornNew
x: -363.6639090081186
y: 70.0
z: -1374.49515686504
yaw: -269.16724
pitch: 11.658345
name: mikespawn92
