world: PZRebornNew
x: -307.26357824444307
y: 60.0
z: -1320.0751344209275
yaw: -21.808819
pitch: 7.0319595
name: mikespawn94
