world: PZRebornNew
x: -2060.667120468094
y: 57.0
z: -475.99971444240646
yaw: 74.67441
pitch: 19.16276
name: mikespawn8
