world: PZRebornNew
x: -296.29887055325366
y: 60.0
z: -1306.6921039816834
yaw: -140.45276
pitch: 1.582986
name: mikespawn95
