world: PZRebornNew
x: -305.50633776289664
y: 60.0
z: -1325.1430807555757
yaw: -297.82935
pitch: 14.948393
name: mikespawn93
