world: PZRebornNew
x: -2004.1697224844092
y: 76.0
z: -604.22811385745
yaw: 297.5833
pitch: 17.929346
name: mikespawn2
