world: PZRebornNew
x: -3298.447308838942
y: 131.0
z: -1578.4361259350674
yaw: 227.66803
pitch: 3.4328592
name: mikespawn62
