world: PZRebornNew
x: -2079.9122488800385
y: 42.0
z: -230.1499790425757
yaw: 273.77148
pitch: 11.040859
name: mikespawn18
