world: PZRebornNew
x: 26.323016997274888
y: 46.0
z: -1316.2564235259833
yaw: 262.56628
pitch: 9.499272
name: mikespawn111
