world: PZRebornNew
x: -2162.5065530496054
y: 42.0
z: -274.2034452982005
yaw: 170.59424
pitch: 1.27384
name: mikespawn19
