world: PZRebornNew
x: -282.24022901084805
y: 60.0
z: -1318.8587088078448
yaw: -94.290726
pitch: 7.6488914
name: mikespawn96
