world: PZRebornNew
x: -3286.3117695944825
y: 136.0
z: -1668.7995705944857
yaw: 245.42188
pitch: 20.29427
name: mikespawn50
