world: PZRebornNew
x: -32.07123308652082
y: 61.0
z: -1335.7491093284123
yaw: 11.356293
pitch: 18.238247
name: mikespawn110
