world: PZRebornNew
x: -1753.1744308510522
y: 146.0625
z: -1351.605525927594
yaw: 104.11963
pitch: 10.21782
name: mikespawn81
