world: PZRebornNew
x: -141.11281508290244
y: 59.0
z: -1279.1687964734801
yaw: -9.765698
pitch: 10.733131
name: mikespawn103
