world: PZRebornNew
x: -2124.710745040501
y: 50.0
z: -118.07231703831157
yaw: -227.62744
pitch: 15.153171
name: mikespawn32
