world: PZRebornNew
x: -1749.4030536564617
y: 138.0
z: -1344.9422603177609
yaw: 317.73615
pitch: 13.302196
name: mikespawn79
