world: PZRebornNew
x: -1739.0761925641932
y: 146.0
z: -1364.7413058646864
yaw: 21.872192
pitch: 6.002599
name: mikespawn80
