world: PZRebornNew
x: 22.9112724736272
y: 66.0
z: -1334.538007968085
yaw: 282.6287
pitch: 11.863985
name: mikespawn107
