world: PZRebornNew
x: -3260.1929233500337
y: 107.0
z: -1615.4297567286978
yaw: 85.85425
pitch: 15.05061
name: mikespawn54
