world: PZRebornNew
x: -2194.1377591845526
y: 42.0
z: -270.71142856514035
yaw: -4.230115
pitch: 11.3492565
name: mikespawn21
