world: PZRebornNew
x: -955.7984642414673
y: 48.0
z: 171.3963457871139
yaw: 291.61377
pitch: 15.256595
name: mikespawn120
