world: PZRebornNew
x: 86.19521637081152
y: 59.0
z: -1329.3078522398578
yaw: 270.7978
pitch: 14.331227
name: mikespawn114
