world: PZRebornNew
x: -2067.49274577651
y: 172.0
z: -1662.8825421777822
yaw: 43.099365
pitch: 14.844595
name: mikespawn66
