world: PZRebornNew
x: -1740.4619746792105
y: 146.0
z: -1352.1720735568151
yaw: 343.2119
pitch: 20.49893
name: mikespawn82
