world: PZRebornNew
x: -1979.0546805473618
y: 79.0
z: -712.3148324042468
yaw: 345.55298
pitch: 8.367909
name: mikespawn1
