world: PZRebornNew
x: -646.5137222239218
y: 99.0
z: -1420.643294020972
yaw: -5.5859375
pitch: 10.938194
name: mikespawn90
