world: PZRebornNew
x: -1157.8952131278522
y: 198.0
z: -1077.3493947478169
yaw: 280.60028
pitch: 29.340359
name: mikespawn86
