world: PZRebornNew
x: -2156.3083563013515
y: 40.0
z: -343.26774979276655
yaw: 90.35932
pitch: 21.013554
name: mikespawn14
