world: PZRebornNew
x: -1811.8086158899127
y: 138.0625
z: -1364.0896118873763
yaw: 1.4308472
pitch: 11.7600765
name: mikespawn73
