world: PZRebornNew
x: -2115.3589616106183
y: 51.0
z: -128.20645397705596
yaw: -288.79456
pitch: 17.723537
name: mikespawn30
