world: PZRebornNew
x: -3328.6745477645477
y: 101.0
z: -1621.4269741719609
yaw: 62.005615
pitch: 41.16464
name: mikespawn56
