world: PZRebornNew
x: -1817.2436694575963
y: 144.0
z: -1354.013631303209
yaw: 269.25232
pitch: 13.199384
name: mikespawn74
