world: PZRebornNew
x: -2190.49358988995
y: 48.0
z: -268.0484724708956
yaw: 93.13181
pitch: 5.9002695
name: mikespawn27
