world: PZRebornNew
x: -2587.115902061369
y: 63.0
z: -682.6754907669284
yaw: -158.04373
pitch: 8.779098
name: mikespawn43
