world: PZRebornNew
x: -2198.628990714912
y: 48.0
z: -284.4308991479756
yaw: -226.61024
pitch: -22.37275
name: mikespawn28
