world: PZRebornNew
x: -2001.4109207482454
y: 53.0
z: -493.2475836698069
yaw: 131.48366
pitch: 26.359545
name: mikespawn6
