world: PZRebornNew
x: -1011.6620848258242
y: 35.0625
z: 348.02327812871846
yaw: 353.5016
pitch: 10.527264
name: mikespawn128
