world: PZRebornNew
x: -2063.5487619056994
y: 57.0
z: -481.6317460974791
yaw: 272.23178
pitch: 13.919392
name: mikespawn7
