world: PZRebornNew
x: -3350.0532316741537
y: 93.0
z: -1620.1021762002458
yaw: 335.6565
pitch: 19.471453
name: mikespawn57
