world: PZRebornNew
x: -3240.8992590240287
y: 135.0
z: -1699.7552761874242
yaw: 293.02075
pitch: -25.86782
name: mikespawn51
