world: PZRebornNew
x: -89.91012812320935
y: 61.0
z: -1466.646856525594
yaw: 89.13843
pitch: 5.6953964
name: mikespawn102
