world: PZRebornNew
x: -1794.6557323671252
y: 146.0625
z: -1361.016275002648
yaw: 78.28786
pitch: 6.619509
name: mikespawn76
