world: PZRebornNew
x: -1007.1332066245344
y: 48.0
z: 42.14472490756166
yaw: 318.79724
pitch: 3.4333744
name: mikespawn124
