world: PZRebornNew
x: -2007.3849331606768
y: 42.0
z: -208.12085206322084
yaw: -261.33105
pitch: -9.149984
name: Northpass
