world: PZRebornNew
x: -147.43886650391494
y: 161.0
z: -2639.487708069005
yaw: -182.20776
pitch: 90.0
name: oldspawn
