world: PZRebornNew
x: 222.04313053670245
y: 17.0
z: 636.0755936627183
yaw: -146.34285
pitch: 12.000026
name: rr_test
