world: PZRebornNew
x: 445.81855841690776
y: 16.5
z: 265.36004342361105
yaw: 0.55197144
pitch: -10.500121
name: stadium
