world: PZRebornNew
x: -631.4734706404398
y: 92.0
z: -825.695961011108
yaw: 355.16333
pitch: 9.899993
name: Stanley
