world: PZRebornNew
x: -602.7143516167757
y: 17.0
z: 139.9434429711398
yaw: 138.28406
pitch: 18.900026
name: stest
