world: PZRebornNew
x: -466.8556168946676
y: 24.14743284758173
z: 308.7409316951506
yaw: 38.65148
pitch: 13.649994
name: trailerpark
