world: PZRebornNew
x: -2605.1012415597393
y: 178.0
z: -1365.0376750889445
yaw: -333.75854
pitch: 37.79998
name: valley1
