world: PZRebornNew
x: -2885.9489849152096
y: 110.0
z: -1550.31143199289
yaw: -279.24573
pitch: 6.30002
name: what1
