world: PZRebornNew
x: 574.3070673839998
y: 22.495705780258934
z: -441.12034363732414
yaw: -155.89667
pitch: 9.149992
name: zoo
